,patient_id,age,num_visits,avg_time_between_visits,avg_a1c,avg_control_level,num_obs
0,72,56,10,99.77777777777777,7.833333333333332,1,6
1,254,64,54,20.58490566037736,8.842857142857145,0,7
2,255,64,8,146.85714285714286,10.233333333333333,0,2
3,304,70,5,54.5,7.0,1,1
4,384,66,9,105.25,8.5,0,4
5,386,53,50,22.142857142857146,10.381818181818184,0,11
6,521,71,2,100.0,7.0,1,1
7,763,38,12,77.54545454545455,10.6,0,1
8,914,81,51,20.8,9.25,0,2
9,936,73,17,52.9375,7.899999999999999,1,6
10,971,65,48,22.3191489361702,7.2285714285714295,1,7
11,1027,65,9,108.125,7.3,1,1
12,1081,70,21,48.0,7.5166666666666675,1,6
13,1158,87,28,39.629629629629626,9.209090909090909,0,11
14,1252,64,36,26.17142857142857,8.014285714285714,0,7
15,1436,71,14,73.23076923076924,7.9,1,2
16,1448,59,6,39.2,9.6,0,2
17,1521,44,6,51.2,7.7,1,1
18,1535,62,19,58.27777777777778,7.955555555555558,1,9
19,1606,57,22,46.33333333333334,7.2,1,1
20,1666,66,40,26.205128205128197,8.933333333333334,0,3
21,1697,60,18,58.88235294117647,8.080000000000002,0,5
22,1741,81,31,34.833333333333336,8.075,0,4
23,1906,49,14,68.15384615384616,7.866666666666667,1,3
24,2020,89,4,8.0,11.9,0,1
25,2065,64,14,73.76923076923076,11.183333333333332,0,6
26,2361,71,15,70.78571428571429,7.25,1,2
27,2389,83,13,81.5,7.0,1,1
28,2425,67,35,30.735294117647058,9.866666666666664,0,6
29,2462,58,15,75.0,7.5,1,1
30,2518,72,14,55.92307692307693,9.314285714285717,0,7
31,2564,45,25,33.166666666666664,11.275,0,8
32,2588,86,4,35.0,7.6,1,2
33,2608,77,11,96.4,7.4,1,1
34,2631,67,19,54.0,8.85,0,4
35,2654,62,6,178.0,7.8,1,1
36,2762,75,49,22.60416666666667,9.499999999999998,0,8
37,2869,38,3,229.5,12.1,0,1
38,3000,60,14,72.0,9.1,0,5
39,3002,73,22,47.57142857142857,7.333333333333332,1,6
40,3138,53,2,427.0,7.3,1,1
41,3246,64,12,90.0,7.133333333333333,1,3
42,3257,61,14,71.92307692307692,8.7,0,2
43,3437,35,13,53.41666666666666,7.1,1,1
44,3455,72,21,52.45,7.75,1,6
45,3638,64,15,70.07142857142857,7.425000000000002,1,4
46,3673,80,14,69.84615384615384,7.875,1,4
47,3674,68,12,92.63636363636364,8.68,0,5
48,3675,75,33,32.375,8.1375,0,8
49,3706,72,9,122.75,7.3,1,1
50,3867,74,20,31.73684210526316,9.675,0,4
51,3881,49,17,49.0625,10.38,0,5
52,4235,61,9,126.0,8.76,0,5
53,4379,51,9,98.125,8.0,1,2
54,4387,64,22,45.47619047619048,7.1,1,1
55,4670,53,11,67.2,11.65,0,2
56,4717,40,1,,9.0,0,1
57,4815,37,14,80.61538461538461,8.3,0,1
58,5106,82,11,80.5,7.2,1,1
59,5554,57,14,73.53846153846153,12.36,0,5
60,5560,80,19,60.5,10.75,0,10
61,5664,51,21,51.75,11.025000000000002,0,4
62,105782,52,13,83.5,13.9,0,6
63,105978,66,7,95.83333333333331,7.7,1,1
64,105996,72,12,39.81818181818182,7.1,1,2
65,106114,67,7,88.5,8.5,0,1
66,106127,53,24,31.73913043478261,10.133333333333333,0,3
67,106242,51,17,56.4375,11.499999999999998,0,7
68,106347,47,10,110.0,8.45,0,2
69,106363,69,10,85.66666666666667,7.1,1,1
70,106574,59,15,66.92857142857143,7.649999999999999,1,4
71,106715,57,27,37.96153846153846,7.316666666666666,1,6
72,106755,82,16,35.46666666666667,9.4,0,1
73,107192,51,1,,8.5,0,1
74,107457,76,4,25.33333333333333,8.2,0,1
75,107462,75,20,51.42105263157895,8.6,0,5
76,107509,49,10,79.1111111111111,10.325,0,4
77,107701,93,6,58.4,7.166666666666668,1,3
78,107730,62,4,14.0,10.1,0,1
79,107782,69,13,81.75,7.25,1,1
80,107789,61,12,91.45454545454544,7.1,1,1
81,107798,63,18,63.764705882352935,8.114285714285716,0,7
82,108021,61,16,66.73333333333333,10.528571428571428,0,7
83,108178,56,27,41.07692307692308,10.814285714285717,0,7
84,108224,90,24,46.30434782608695,8.25,0,10
85,108262,70,13,78.0,7.1,1,2
86,108727,61,13,82.16666666666667,8.299999999999999,0,6
87,108750,57,13,78.75,7.0,1,1
88,108817,46,3,382.0,9.25,0,2
89,109205,61,4,55.0,7.5,1,1
90,109266,39,12,34.72727272727273,7.75,1,2
91,109317,70,25,44.41666666666666,7.5,1,1
92,109449,70,15,69.5,7.9,1,1
93,109582,55,10,87.11111111111109,7.875,1,4
94,109689,53,6,155.2,8.8,0,2
95,110608,42,3,136.5,10.55,0,2
96,111193,54,8,87.14285714285714,7.066666666666666,1,3
97,111381,50,17,63.3125,9.683333333333332,0,6
98,111445,18,4,29.33333333333333,9.3,0,1
99,111606,57,16,42.86666666666667,7.949999999999998,1,2
100,111616,77,16,71.4,7.3,1,1
101,111643,52,12,51.54545454545455,7.833333333333332,1,3
102,111652,41,30,36.44827586206897,9.325,0,8
103,111755,59,59,18.603448275862068,10.01,0,10
104,111862,59,15,68.57142857142857,7.399999999999999,1,3
105,111874,56,15,71.78571428571429,7.2,1,1
106,111902,52,21,52.6,12.075,0,4
107,112111,63,6,180.2,12.133333333333333,0,3
108,112266,75,11,98.0,7.1,1,1
109,112308,37,13,89.91666666666669,7.45,1,5
110,112313,72,10,90.55555555555556,7.15,1,2
111,112868,27,15,54.07142857142857,11.32,0,5
112,113037,43,4,14.666666666666664,12.6,0,1
113,113250,87,10,117.66666666666669,7.0,1,1
114,113285,56,22,46.95238095238096,10.744444444444444,0,9
115,113287,78,14,79.0,7.650000000000001,1,6
116,113293,76,23,42.40909090909091,8.05,0,2
117,113325,49,32,32.225806451612904,9.622222222222225,0,9
118,113402,88,21,50.75,8.357142857142858,0,7
119,113419,64,25,43.95833333333334,8.457142857142857,0,7
120,113479,56,14,48.46153846153846,8.8,0,2
121,113613,87,44,24.55813953488372,7.133333333333333,1,3
122,113876,49,21,49.45,8.5,0,3
123,114018,65,7,108.33333333333331,7.0,1,1
124,114215,78,12,77.63636363636364,8.125,0,7
125,114419,59,10,107.33333333333331,12.35,0,2
126,114670,63,8,102.57142857142857,10.2,0,2
127,114814,51,9,107.875,8.34,0,5
128,115005,44,26,40.6,7.699999999999998,1,4
129,115137,74,50,19.836734693877553,11.3625,0,8
130,115216,50,4,22.66666666666667,7.0,1,1
131,115230,68,2,23.0,7.0,1,1
132,115232,72,8,101.57142857142857,9.266666666666666,0,3
133,115325,62,18,54.941176470588225,7.0,1,2
134,115425,59,89,11.511363636363635,8.75,0,10
135,115513,73,15,72.5,8.149999999999999,0,4
136,115614,62,17,53.375,7.25,1,2
137,115684,46,8,116.0,13.6,0,4
138,115835,53,4,118.33333333333331,10.5,0,1
139,115882,62,12,69.0,7.8,1,2
140,115933,83,14,69.0,7.35,1,8
141,116107,37,9,79.5,9.3,0,1
142,116405,54,3,351.0,7.8,1,1
143,116430,59,13,83.91666666666667,7.442857142857143,1,7
144,116432,59,9,132.125,7.479999999999999,1,5
145,117037,74,28,35.7037037037037,8.1,0,1
146,117221,42,10,108.88888888888887,9.975,0,4
147,117298,64,10,94.88888888888887,8.7,0,3
148,117314,59,10,115.11111111111113,12.9,0,3
149,117504,84,20,56.631578947368425,8.16,0,5
150,117673,77,78,13.688311688311687,7.175,1,4
151,117700,63,21,53.65,7.35,1,2
152,117701,38,6,68.2,8.9,0,3
153,117748,59,12,74.45454545454545,7.580000000000001,1,5
154,118014,64,16,27.13333333333333,10.85,0,2
155,118063,47,1,,10.4,0,1
156,118424,67,33,33.28125,8.188888888888886,0,9
157,118532,55,6,202.4,13.1,0,2
158,118758,44,15,76.35714285714286,7.7555555555555555,1,9
159,118818,72,9,104.5,8.85,0,4
160,118820,75,11,95.6,8.059999999999999,0,5
161,119012,50,4,249.66666666666663,10.25,0,2
162,119097,60,35,29.676470588235286,10.354545454545457,0,11
163,119110,60,16,31.266666666666666,8.366666666666667,0,3
164,119260,46,12,93.9090909090909,10.933333333333332,0,6
165,119328,61,7,179.66666666666663,9.9,0,2
166,119330,64,69,15.632352941176471,7.1,1,1
167,119440,83,17,66.8125,7.55,1,2
168,119641,64,15,68.5,8.6,0,4
169,119737,62,18,55.411764705882355,8.057142857142857,0,7
170,119847,51,7,133.0,7.2,1,1
171,120041,59,10,98.88888888888887,8.7,0,5
172,120668,69,2,7.0,8.0,1,1
173,121038,59,19,37.77777777777778,12.5,0,4
174,121158,79,9,122.125,8.033333333333333,0,3
175,121224,81,14,45.92307692307693,8.319999999999999,0,5
176,121294,76,2,14.0,7.8,1,1
177,121479,38,23,49.18181818181818,9.5875,0,8
178,121554,56,8,75.28571428571429,7.1,1,1
179,122138,56,22,48.66666666666666,10.866666666666667,0,9
180,122562,46,6,165.4,7.1,1,1
181,122631,59,25,43.95833333333334,7.15,1,2
182,122632,72,23,42.90909090909091,8.440000000000001,0,5
183,122656,81,21,52.5,10.37,0,10
184,122985,57,28,37.111111111111114,7.7555555555555555,1,9
185,123220,77,15,70.92857142857143,7.25,1,2
186,123222,57,23,45.04545454545455,8.139999999999999,0,10
187,123241,64,4,42.333333333333336,7.4,1,1
188,123411,49,7,142.83333333333334,7.8,1,3
189,123644,47,4,102.0,9.9,0,1
190,123673,32,5,215.75,9.2,0,1
191,123708,23,13,82.5,9.025,0,4
192,123755,42,11,108.8,7.0,1,1
193,123791,44,4,217.66666666666663,11.75,0,2
194,123985,69,19,55.5,7.0,1,2
195,124044,62,21,45.4,8.42,0,5
196,124065,46,4,157.66666666666666,7.033333333333334,1,3
197,124363,55,27,33.30769230769231,11.171428571428573,0,7
198,124451,79,10,106.22222222222223,7.35,1,2
199,124579,59,8,39.142857142857146,11.6,0,2
200,124735,76,31,35.56666666666667,14.4,0,1
201,124840,34,15,74.0,10.725,0,8
202,125343,49,14,69.76923076923077,12.333333333333336,0,6
203,125602,58,17,65.1875,9.044444444444443,0,9
204,125688,40,7,156.5,12.133333333333333,0,3
205,125834,52,20,57.105263157894754,10.025,0,4
206,125917,52,29,35.5,10.0,0,4
207,125948,48,22,48.714285714285715,9.98,0,5
208,126065,66,14,78.38461538461539,7.737500000000002,1,8
209,126133,40,9,131.5,10.475,0,4
210,126169,43,7,77.0,8.350000000000001,0,4
211,126190,70,28,37.074074074074076,7.0,1,1
212,126346,58,10,73.33333333333333,11.733333333333334,0,3
213,126638,90,10,103.77777777777777,8.65,0,2
214,126693,37,25,39.54166666666666,10.72,0,5
215,126847,67,35,31.44117647058824,7.3,1,1
216,126928,53,24,40.0,8.25,0,4
217,127123,54,25,44.0,7.1,1,2
218,127164,48,12,88.18181818181819,7.4,1,1
219,127260,63,7,137.66666666666666,12.4,0,2
220,127330,70,8,115.71428571428572,7.366666666666667,1,3
221,127393,52,15,72.85714285714286,7.614285714285713,1,7
222,127846,81,32,33.19354838709677,7.985714285714287,1,7
223,127874,54,31,35.266666666666666,7.38,1,5
224,128132,61,8,124.0,8.266666666666667,0,3
225,128245,56,3,190.5,8.9,0,1
226,128592,70,10,99.11111111111113,7.025,1,4
227,128708,69,25,44.41666666666666,7.311111111111113,1,9
228,128735,29,21,51.4,7.25,1,2
229,128888,95,17,53.1875,7.5,1,1
230,128953,62,28,38.85185185185185,9.85,0,10
231,128965,49,9,54.875,7.1,1,1
232,129015,83,22,49.714285714285715,7.2,1,1
233,129080,20,16,37.73333333333333,10.416666666666666,0,6
234,129117,57,6,122.8,9.966666666666667,0,3
235,129300,45,12,45.81818181818182,7.65,1,2
236,129535,65,5,24.75,7.199999999999998,1,2
237,130066,66,22,44.714285714285715,9.083333333333334,0,6
238,130171,50,15,65.0,11.133333333333333,0,3
239,130247,72,22,45.38095238095239,7.333333333333332,1,3
240,130260,35,18,53.82352941176471,8.25,0,2
241,130321,47,19,46.66666666666666,11.257142857142856,0,7
242,130433,46,12,93.54545454545456,8.083333333333332,0,6
243,130577,47,19,51.77777777777778,9.52,0,5
244,130591,84,14,50.30769230769231,7.2799999999999985,1,5
245,130656,39,10,83.1111111111111,7.2,1,1
246,130691,56,5,53.5,7.4,1,1
247,130767,61,18,62.17647058823529,9.354545454545457,0,11
248,130860,73,2,18.0,9.6,0,1
249,130944,87,17,61.4375,7.05,1,2
250,131221,60,18,53.411764705882355,8.040000000000001,0,10
251,131360,76,11,95.3,7.2200000000000015,1,5
252,131457,55,14,41.846153846153854,8.819999999999997,0,5
253,131511,32,3,89.5,12.6,0,2
254,131649,55,16,64.4,8.366666666666667,0,6
255,131675,55,13,88.66666666666669,11.0,0,5
256,131947,54,15,52.57142857142857,10.85,0,4
257,132030,57,2,3.0,9.7,0,1
258,132048,70,36,29.4,8.6875,0,8
259,132098,64,43,25.66666666666667,9.046153846153846,0,13
260,132341,71,37,28.61111111111111,8.35,0,8
261,132358,55,17,55.875,9.583333333333332,0,6
262,132444,54,6,144.6,9.7,0,1
263,132504,49,12,87.63636363636364,11.54,0,5
264,132670,61,19,55.72222222222222,7.76,1,5
265,132734,49,9,38.125,10.233333333333333,0,3
266,132745,62,2,138.0,7.2,1,1
267,132844,43,1,,8.7,0,1
268,132906,40,2,467.0,8.6,0,1
269,132927,75,30,35.89655172413793,7.899999999999999,1,8
270,132982,64,11,89.6,7.5,1,1
271,133029,50,8,147.14285714285714,10.7,0,4
272,133052,47,70,15.55072463768116,7.7333333333333325,1,3
273,133278,42,15,68.57142857142857,8.4,0,1
274,133440,77,31,15.866666666666667,7.35,1,2
275,133554,64,27,39.03846153846154,8.712499999999999,0,8
276,133691,49,26,41.84,7.45,1,2
277,133795,84,14,66.46153846153847,7.885714285714287,1,7
278,133879,31,7,155.66666666666666,11.8,0,4
279,133900,48,13,77.16666666666667,11.7,0,3
280,133933,37,6,111.8,7.4,1,1
281,134196,67,15,67.57142857142857,7.6,1,5
282,134229,52,15,72.35714285714286,8.3,0,5
283,134371,50,5,103.5,7.7,1,1
284,134484,48,13,61.83333333333334,9.02,0,5
285,134501,57,10,84.77777777777777,12.3,0,1
286,134509,69,19,51.05555555555557,9.955555555555557,0,9
287,134540,38,7,139.66666666666666,7.4,1,1
288,134695,79,13,31.25,8.333333333333334,0,3
289,134727,60,11,90.3,9.833333333333334,0,3
290,134803,68,18,55.529411764705884,7.875,1,4
291,134814,73,12,90.54545454545456,7.433333333333334,1,6
292,134952,79,28,33.814814814814824,9.7875,0,8
293,135067,69,9,101.375,8.45,0,2
294,135125,41,9,85.875,9.433333333333334,0,3
295,135180,47,6,141.6,7.1,1,1
296,135273,88,10,84.22222222222223,7.8,1,7
297,135308,63,2,69.0,9.0,0,2
298,135412,60,21,50.05,9.68888888888889,0,8
299,135474,35,16,71.33333333333333,7.300000000000002,1,6
300,135477,43,3,46.0,8.25,0,2
301,135715,66,16,58.53333333333333,8.316666666666668,0,6
302,135930,32,17,57.9375,9.414285714285713,0,7
303,135936,77,26,39.88,7.1,1,1
304,135966,66,5,11.0,9.4,0,1
305,136032,50,11,89.9,7.7,1,2
306,136128,78,9,116.375,7.76,1,5
307,136157,54,21,52.15,10.785714285714288,0,7
308,136275,61,9,56.375,11.3,0,5
309,136306,63,35,30.94117647058824,12.533333333333333,0,9
310,136418,47,5,132.25,8.1,0,2
311,136430,61,21,42.15,8.525,0,4
312,136433,54,12,93.72727272727272,11.225,0,4
313,136445,65,13,67.0,8.549999999999999,0,6
314,136491,61,42,26.36585365853659,8.549999999999999,0,4
315,136501,66,12,65.9090909090909,8.4,0,3
316,136502,45,7,114.16666666666669,7.1,1,1
317,136628,65,22,43.19047619047619,9.333333333333334,0,6
318,136911,41,8,138.57142857142858,7.6,1,1
319,136918,69,12,91.0,8.842857142857143,0,7
320,136970,69,43,25.57142857142857,8.085714285714285,0,7
321,137030,88,1,,8.2,0,1
322,137052,64,10,91.77777777777777,7.566666666666666,1,3
323,137125,81,17,65.0625,7.5,1,3
324,137300,63,18,46.764705882352935,11.557142857142857,0,7
325,137445,42,1,,9.2,0,1
326,137525,54,11,98.8,7.659999999999998,1,5
327,137665,71,7,173.66666666666663,10.2,0,6
328,137868,60,7,41.833333333333336,7.3,1,1
329,137943,72,11,101.5,12.166666666666664,0,3
330,138021,57,18,62.647058823529406,7.85,1,4
331,138051,68,7,96.16666666666669,7.2,1,1
332,138171,64,9,121.625,8.666666666666666,0,3
333,138388,71,19,57.944444444444436,7.871428571428572,1,7
334,138484,36,12,95.54545454545456,9.82,0,5
335,200133,73,12,87.72727272727273,7.05,1,2
336,200193,63,7,121.66666666666669,9.3,0,2
337,200262,57,13,81.91666666666667,7.3,1,2
338,200291,65,34,31.33333333333333,10.10909090909091,0,11
339,200307,63,12,83.0,7.4,1,4
340,200395,70,7,38.16666666666666,7.7,1,2
341,200447,67,11,101.6,9.475,0,4
342,200494,69,8,24.857142857142854,7.399999999999999,1,3
343,200610,51,9,113.875,10.54,0,5
344,200657,74,32,32.87096774193548,7.949999999999998,1,6
345,200681,48,7,8.333333333333334,9.25,0,2
346,200839,68,16,68.0,8.559999999999999,0,5
347,201156,46,6,162.2,7.975,1,4
348,201193,64,7,63.0,8.3,0,2
349,201208,68,30,36.10344827586207,8.055555555555555,0,9
350,201222,52,3,127.5,13.5,0,1
351,201296,61,4,226.66666666666663,7.550000000000002,1,2
352,201307,45,9,69.375,8.600000000000001,0,2
353,201342,45,8,50.714285714285715,15.2,0,1
354,201378,72,2,28.0,7.8,1,1
355,201594,53,28,23.88888888888889,8.8,0,1
356,201640,39,8,102.85714285714286,7.7,1,1
357,201642,54,21,52.8,9.6,0,8
358,201662,46,13,61.91666666666666,10.08,0,5
359,201696,59,2,56.0,10.8,0,2
360,201709,73,59,17.637931034482758,7.781818181818182,1,11
361,201751,46,4,235.0,14.8,0,1
362,201911,72,17,64.1875,7.475,1,4
363,202001,42,10,99.22222222222223,7.5,1,1
364,202015,59,17,49.4375,9.52,0,5
365,202017,44,10,83.44444444444444,9.933333333333332,0,3
366,202040,64,30,37.13793103448275,10.4,0,9
367,202055,46,6,184.8,10.05,0,2
368,202073,51,6,126.0,12.4,0,1
369,202100,53,11,107.8,8.5,0,1
370,202149,74,20,55.47368421052632,7.55,1,6
371,202227,63,46,22.93333333333333,7.8,1,5
372,202247,45,1,,11.2,0,1
373,202260,78,8,16.714285714285715,10.8,0,1
374,202504,67,7,108.33333333333331,7.066666666666666,1,3
375,202544,76,9,114.5,7.1,1,2
376,202580,46,1,,12.4,0,1
377,202700,64,14,34.46153846153846,8.7,0,1
378,202798,45,21,47.15,9.36,0,5
379,202947,70,9,84.0,7.25,1,2
380,202951,89,30,33.10344827586207,7.3,1,1
381,203309,53,5,6.75,10.85,0,2
382,203330,73,12,92.72727272727272,8.442857142857141,0,7
383,203393,50,21,48.0,7.3,1,1
384,203438,56,12,86.0909090909091,7.1,1,1
385,203508,60,15,60.5,11.6,0,2
386,203512,69,8,48.42857142857143,8.75,0,2
387,203545,56,36,21.428571428571427,10.2,0,5
388,203546,63,13,58.83333333333334,10.3,0,3
389,203599,81,7,151.83333333333334,7.1,1,1
390,203607,73,4,249.0,8.0,1,2
391,203695,54,12,45.18181818181818,7.7,1,1
392,203732,72,5,135.25,12.7,0,1
393,203824,61,34,31.60606060606061,9.3875,0,8
394,203925,56,9,128.625,9.7,0,2
395,203936,57,8,62.42857142857143,13.6,0,2
396,204019,54,8,64.28571428571429,11.2,0,2
397,204020,70,22,50.14285714285714,7.539999999999999,1,5
398,204024,49,6,103.2,7.9,1,1
399,204094,39,5,102.25,9.825,0,4
400,204115,27,7,125.83333333333331,10.4,0,4
401,204122,51,4,105.0,7.8,1,2
402,204209,60,15,68.5,8.84,0,5
403,204521,47,12,48.09090909090909,9.275,0,4
404,204529,48,18,61.411764705882355,9.7,0,3
405,204557,73,21,46.3,9.116666666666664,0,6
406,204610,52,14,25.538461538461537,10.5,0,1
407,204722,69,29,38.464285714285715,7.414285714285714,1,7
408,204764,51,11,82.6,10.025,0,8
409,204824,54,19,58.72222222222222,7.6,1,3
410,204846,61,17,56.8125,7.566666666666667,1,3
411,204884,59,10,70.44444444444444,8.566666666666666,0,3
412,204936,45,13,67.08333333333333,7.5,1,2
413,205003,40,12,92.8181818181818,11.45,0,8
414,205019,51,16,66.86666666666666,8.166666666666666,0,3
415,205049,42,8,123.14285714285714,8.266666666666666,0,3
416,205051,55,10,87.66666666666669,10.25,0,4
417,205092,49,4,262.6666666666667,9.55,0,2
418,205145,42,15,70.35714285714286,10.6,0,5
419,205216,88,6,51.6,10.0,0,1
420,205320,50,17,58.25,8.799999999999997,0,3
421,205421,59,45,23.54545454545455,7.675000000000002,1,8
422,205472,71,7,135.83333333333334,8.649999999999999,0,2
423,205500,75,7,147.83333333333334,7.0,1,1
424,205521,49,11,93.1,7.633333333333333,1,3
425,205532,69,11,85.1,9.5,0,4
426,205570,58,21,50.9,9.428571428571429,0,7
427,205573,42,6,159.8,12.033333333333333,0,3
428,205582,49,28,39.77777777777778,9.0,0,7
429,205609,60,12,79.0909090909091,10.05,0,4
430,205616,92,22,47.66666666666666,9.6,0,8
431,205619,43,2,14.0,8.7,0,2
432,205649,39,10,106.33333333333331,7.466666666666666,1,3
433,205727,73,11,95.2,7.58,1,5
434,205743,58,22,45.95238095238096,8.260000000000002,0,5
435,205756,75,18,53.529411764705884,7.966666666666666,1,5
436,205778,62,9,126.625,7.1,1,1
437,205793,48,4,203.0,10.1,0,1
438,205978,73,13,78.91666666666667,8.95,0,4
439,206074,43,13,46.33333333333334,10.066666666666668,0,3
440,206085,39,18,44.70588235294117,9.533333333333333,0,6
441,206087,59,24,46.26086956521739,10.662499999999998,0,8
442,206097,66,19,53.944444444444436,9.575,0,4
443,206126,55,15,69.35714285714286,7.2666666666666675,1,3
444,206226,96,14,74.30769230769229,7.933333333333334,1,3
445,206243,69,12,87.0909090909091,7.712499999999999,1,8
446,206259,60,2,14.0,7.0,1,1
447,206330,46,37,27.277777777777786,10.342857142857145,0,6
448,206352,59,10,59.0,10.85,0,2
449,206369,50,15,63.28571428571429,8.133333333333335,0,3
450,206372,63,15,69.64285714285714,7.633333333333334,1,6
451,206459,45,10,50.66666666666666,9.233333333333333,0,3
452,206465,75,18,56.58823529411765,8.34,0,5
453,206621,77,17,59.5,8.46,0,5
454,206636,66,12,83.9090909090909,9.816666666666666,0,5
455,206697,57,15,65.5,9.816666666666666,0,6
456,206780,47,22,45.85714285714285,8.15,0,8
457,206845,50,21,50.1,10.733333333333334,0,6
458,206867,60,20,52.42105263157895,7.2666666666666675,1,3
459,206902,49,5,28.75,8.65,0,2
460,206904,49,10,106.88888888888887,7.2,1,2
461,206909,56,9,38.0,7.4,1,1
462,206969,64,9,120.625,7.0,1,2
463,207012,64,10,104.22222222222223,7.633333333333333,1,3
464,207030,44,3,188.5,9.0,0,3
465,207112,68,21,49.15,7.4,1,1
466,207136,64,11,23.1,7.8,1,1
467,207174,52,10,102.55555555555556,8.799999999999997,0,6
468,207176,53,14,72.15384615384616,10.983333333333333,0,6
469,207254,51,11,67.9,9.25,0,2
470,207281,50,10,65.1111111111111,15.3,0,1
471,207388,50,96,11.494736842105265,7.777777777777778,1,9
472,207430,61,3,59.5,9.175,0,4
473,207450,51,17,55.125,10.166666666666666,0,6
474,207534,64,7,106.5,9.54,0,5
475,207551,58,6,175.6,8.24,0,5
476,207595,49,9,125.0,7.675,1,4
477,207694,68,13,28.58333333333333,8.2,0,2
478,207704,47,19,55.05555555555557,10.3,0,1
479,207758,66,21,51.45,8.4375,0,8
480,207774,57,7,140.16666666666666,9.55,0,2
481,207845,52,9,76.875,9.75,0,2
482,207877,61,13,27.5,9.75,0,4
483,207878,73,18,39.941176470588225,7.0,1,1
484,207939,51,11,101.3,7.95,1,2
485,207944,61,15,30.357142857142854,8.0,1,2
486,208051,61,19,56.22222222222222,10.62857142857143,0,7
487,208077,50,10,110.77777777777777,7.6,1,1
488,208081,73,9,67.75,8.425,0,4
489,208148,58,15,62.0,9.25,0,4
490,208174,63,15,72.64285714285714,10.6,0,6
491,208237,44,3,64.0,7.0,1,1
492,208259,38,33,33.84375,7.725,1,3
493,208285,60,8,56.14285714285714,9.8,0,2
494,208292,66,7,68.5,8.75,0,4
495,208294,45,18,63.470588235294116,8.8,0,1
496,208312,70,12,80.81818181818181,9.419999999999998,0,5
497,208399,58,10,119.44444444444444,8.4375,0,8
498,208404,66,28,38.96296296296296,7.175,1,4
499,208430,69,12,91.45454545454544,7.55,1,4
500,208446,51,17,22.9375,8.92,0,5
501,208545,69,6,155.0,7.1,1,1
502,208549,54,6,112.0,9.1,0,2
503,208596,49,8,129.71428571428572,9.32,0,5
504,208721,79,19,51.611111111111114,8.014285714285714,0,7
505,208728,57,11,85.5,7.1,1,4
506,208838,33,9,48.875,8.2,0,4
507,209006,80,12,88.45454545454545,7.775,1,4
508,209070,63,17,59.75,8.385714285714284,0,7
509,209330,48,30,35.48275862068965,7.575,1,4
510,209388,55,25,37.625,9.172727272727274,0,11
511,209412,36,6,119.0,12.4,0,1
512,209428,40,4,69.0,9.8,0,1
513,209536,39,13,86.58333333333331,10.733333333333334,0,2
514,209571,72,22,50.19047619047619,7.0,1,1
515,209592,47,13,86.91666666666669,7.459999999999999,1,5
516,209615,43,7,51.16666666666666,9.175,0,4
517,209649,58,19,55.5,10.966666666666667,0,6
518,209686,82,2,152.0,8.0,1,1
519,209699,79,9,96.375,8.05,0,2
520,209799,62,21,54.2,7.925,1,4
521,209989,57,17,28.375,7.25,1,2
522,210164,49,11,92.5,7.0,1,1
523,210213,26,1,,7.1,1,1
524,210350,37,2,447.0,11.2,0,1
525,210376,74,17,52.0625,8.754545454545454,0,11
526,210425,66,7,174.66666666666663,7.1,1,1
527,210516,47,44,21.209302325581394,7.166666666666668,1,3
528,210545,50,21,52.85,9.633333333333333,0,8
529,210601,53,12,70.0,8.18,0,5
530,210652,53,8,42.857142857142854,9.1,0,1
531,210674,26,8,61.714285714285715,13.1,0,1
532,210684,70,5,173.75,7.266666666666667,1,3
533,210713,55,16,63.46666666666667,7.2,1,1
534,210763,69,22,48.57142857142857,7.612500000000002,1,8
535,210793,67,5,38.5,7.0,1,1
536,210813,62,5,154.0,12.3,0,2
537,210921,54,5,12.25,10.5,0,1
538,211036,50,17,62.125,7.7,1,1
539,211060,81,19,47.27777777777778,8.450000000000001,0,6
540,211129,56,4,184.66666666666663,11.9,0,1
541,211162,70,18,41.647058823529406,7.7,1,5
542,211279,45,3,23.5,11.1,0,1
543,211323,66,14,71.69230769230771,8.233333333333334,0,6
544,211392,48,5,63.5,11.066666666666668,0,3
545,211444,45,14,76.84615384615384,10.833333333333336,0,6
546,211646,65,14,54.53846153846154,10.15,0,2
547,211738,47,8,31.285714285714285,10.5,0,1
548,211758,53,7,151.83333333333334,7.3,1,3
549,211860,56,6,168.0,10.3,0,3
550,211877,34,15,56.5,7.399999999999999,1,6
551,211952,61,17,60.3125,8.4,0,3
552,212068,39,9,103.625,7.4,1,2
553,212160,38,6,164.2,8.2,0,2
554,212169,51,38,27.72972972972973,9.375,0,8
555,212181,67,1,,7.1,1,1
556,212186,44,8,155.42857142857142,8.925,0,3
557,212228,60,14,74.15384615384616,7.949999999999998,1,4
558,212289,59,8,89.42857142857143,7.0,1,1
559,212416,73,24,45.95652173913044,10.0,0,3
560,212417,38,7,49.83333333333334,9.4,0,1
561,212440,66,9,71.5,12.95,0,2
562,212456,46,2,29.0,12.5,0,1
563,212491,70,6,103.8,7.3,1,2
564,212596,49,5,10.0,10.15,0,2
565,212680,37,11,13.5,7.25,1,2
566,212855,53,9,120.875,12.6,0,1
567,212883,58,14,71.76923076923076,7.74,1,5
568,212884,57,19,57.611111111111114,7.625,1,4
569,212911,46,15,70.57142857142857,9.7,0,7
570,212940,36,4,297.0,13.35,0,2
571,213041,46,12,85.45454545454545,11.933333333333332,0,3
572,213049,45,15,69.5,7.774999999999999,1,7
573,213120,35,14,79.46153846153847,10.571428571428571,0,7
574,213340,34,10,95.33333333333331,9.22,0,5
575,213346,49,30,35.13793103448276,8.649999999999999,0,5
576,213393,59,23,48.54545454545455,9.6,0,8
577,213427,64,18,56.05882352941178,7.733333333333333,1,3
578,213504,77,3,199.5,7.4,1,1
579,213505,76,15,37.92857142857143,9.3,0,3
580,213690,45,6,142.0,13.8,0,1
581,213761,67,9,106.25,10.966666666666667,0,3
582,213811,59,6,164.4,9.3,0,3
583,213898,40,6,96.6,12.2,0,4
584,213995,48,13,81.58333333333333,7.6,1,3
585,214134,66,15,70.57142857142857,7.433333333333334,1,6
586,214137,57,12,82.63636363636364,7.449999999999998,1,2
587,214173,48,1,,13.0,0,1
588,214250,31,7,70.16666666666667,11.55,0,2
589,214251,42,18,55.764705882352935,7.7,1,1
590,214376,58,16,57.86666666666667,8.728571428571428,0,7
591,214377,57,7,138.83333333333334,8.649999999999999,0,2
592,214423,54,5,150.25,7.366666666666667,1,2
593,214485,87,15,59.5,7.3,1,3
594,214494,77,9,52.5,14.15,0,2
595,214599,60,9,89.75,7.65,1,2
596,214630,68,2,7.0,7.4,1,1
597,214715,60,32,29.41935483870968,8.5625,0,8
598,214799,65,14,71.84615384615384,8.52,0,4
599,214804,58,35,31.558823529411764,9.0,0,1
600,214895,78,12,68.45454545454545,9.8,0,3
601,214963,61,19,56.33333333333334,9.542857142857144,0,7
602,215055,46,19,50.88888888888889,9.471428571428572,0,7
603,215154,52,11,43.5,7.5,1,1
604,215237,45,17,64.4375,11.184615384615386,0,13
605,215356,68,9,58.125,8.633333333333333,0,3
606,215374,41,9,130.375,11.766666666666667,0,5
607,215401,70,2,33.0,7.8,1,1
608,215464,65,6,202.8,9.533333333333333,0,3
609,215526,73,26,41.2,10.4,0,7
610,215536,71,6,175.6,8.2,0,1
611,215621,71,12,69.18181818181819,8.75,0,2
612,215631,59,4,110.66666666666669,8.0,1,1
613,215667,62,15,63.78571428571429,8.566666666666668,0,9
614,215670,46,14,72.61538461538461,8.683333333333332,0,6
615,215742,58,4,343.0,8.566666666666666,0,2
616,215800,87,20,51.68421052631579,10.766666666666666,0,3
617,215824,84,23,46.5,9.49,0,10
618,215869,47,5,35.75,8.45,0,2
619,215901,64,16,50.53333333333333,8.5,0,2
620,215962,63,17,60.5,10.1,0,4
621,215992,57,2,78.0,7.6,1,1
622,216058,67,15,67.21428571428571,7.7142857142857135,1,7
623,216164,50,10,90.22222222222223,9.233333333333333,0,3
624,216312,58,11,90.9,8.966666666666667,0,3
625,216315,62,11,93.7,7.0,1,1
626,216498,59,20,56.157894736842096,7.675,1,4
627,216499,59,23,49.09090909090909,8.691666666666666,0,12
628,216608,54,1,,13.3,0,1
629,216701,62,15,53.35714285714285,9.266666666666666,0,6
630,216756,45,1,,10.6,0,1
631,216861,45,5,113.75,8.5,0,1
632,216877,28,3,245.5,8.7,0,1
633,216920,58,15,56.5,9.05,0,6
634,216956,58,15,74.57142857142857,9.325,0,4
635,217185,57,6,38.4,11.3,0,1
636,217218,42,5,22.25,11.6,0,2
637,217379,56,11,102.9,9.442857142857145,0,7
638,217385,50,2,8.0,8.775,0,3
639,217438,73,11,95.9,7.45,1,2
640,217454,53,9,89.375,7.15,1,2
641,217533,50,14,65.69230769230771,7.1,1,1
642,217988,71,13,77.0,8.2,0,1
643,218095,44,2,14.0,7.3,1,1
644,218110,48,2,62.0,7.9,1,1
645,218177,47,6,81.0,11.966666666666667,0,3
646,218187,63,4,29.0,11.9,0,2
647,218249,68,12,91.72727272727272,7.2333333333333325,1,3
648,218386,81,15,64.85714285714286,11.166666666666664,0,6
649,218475,77,15,77.28571428571429,7.88,1,5
650,218480,57,3,52.0,12.5,0,1
651,218519,80,13,78.16666666666667,7.985714285714287,1,7
652,218575,65,35,30.970588235294123,7.199999999999998,1,2
653,218588,48,6,155.2,10.0,0,2
654,218614,60,8,122.28571428571428,7.399999999999999,1,3
655,218688,58,9,118.25,9.325,0,4
656,218717,86,5,80.25,7.949999999999998,1,2
657,218770,68,23,42.54545454545455,8.049999999999999,0,6
658,218824,62,10,119.0,7.2,1,1
659,218839,19,2,287.0,9.1,0,1
660,218859,70,22,50.904761904761905,7.8,1,1
661,218871,51,8,138.28571428571428,7.52,1,5
662,218888,37,14,74.0,9.483333333333334,0,6
663,218891,70,16,52.13333333333333,8.233333333333333,0,3
664,218933,53,9,82.375,12.3,0,5
665,218952,69,31,22.33333333333333,9.025,0,4
666,219028,61,2,7.0,11.6,0,1
667,219048,35,6,41.4,7.2,1,1
668,219091,65,49,22.02083333333333,7.459999999999999,1,5
669,219105,53,16,68.6,7.5,1,1
670,219108,47,15,48.92857142857143,7.2,1,1
671,219228,65,21,43.75,8.466666666666665,0,9
672,219277,49,13,82.25,7.5,1,1
673,219294,59,8,131.14285714285714,7.15,1,2
674,219304,54,26,42.52,7.125,1,4
675,219366,39,4,133.0,7.0,1,1
676,219369,84,3,361.0,7.35,1,2
677,219397,61,3,56.0,7.75,1,2
678,219584,57,6,54.6,8.8,0,1
679,219585,20,4,53.66666666666666,7.85,1,1
680,219647,47,7,152.33333333333334,11.6,0,1
681,219674,51,9,116.5,8.0,1,1
682,219676,75,2,16.0,9.2,0,1
683,219842,55,3,70.5,11.0,0,2
684,219928,51,13,81.83333333333333,9.7,0,4
685,219953,64,13,57.08333333333334,7.1,1,1
686,219991,71,15,70.78571428571429,7.2,1,1
687,220106,79,8,152.14285714285714,7.35,1,2
688,220138,50,7,56.0,10.2,0,2
689,220334,46,15,68.92857142857143,8.5,0,6
690,220414,65,9,86.375,7.866666666666666,1,3
691,220448,56,15,72.57142857142857,8.133333333333333,0,3
692,220473,62,22,48.33333333333334,13.114285714285714,0,7
693,220535,59,11,94.1,9.033333333333333,0,6
694,220566,58,22,49.523809523809526,7.225,1,3
695,220637,68,29,22.785714285714285,8.14,0,5
696,220645,51,9,79.375,10.266666666666667,0,3
697,220653,56,12,75.63636363636364,8.842857142857143,0,7
698,220692,67,22,48.95238095238096,8.49,0,10
699,220737,44,6,135.0,7.725,1,4
700,220750,36,8,96.0,8.225,0,4
701,221128,62,5,143.5,7.0,1,1
702,221177,50,17,57.9375,9.614285714285717,0,7
703,221181,76,11,77.9,7.1,1,1
704,221328,24,15,74.71428571428571,11.32,0,5
705,221491,44,9,97.0,11.6,0,1
706,221514,53,34,31.393939393939394,7.85,1,2
707,221560,62,3,2.5,8.4,0,1
708,221626,61,15,52.28571428571429,8.4,0,2
709,221632,58,32,34.645161290322584,7.933333333333334,1,3
710,221634,54,6,135.8,7.3,1,1
711,221649,62,13,84.5,7.4,1,2
712,221662,54,13,83.0,11.4,0,4
713,221670,48,13,64.33333333333333,7.0,1,1
714,221734,51,5,22.25,9.95,0,2
715,221810,54,10,91.11111111111113,7.0,1,2
716,221835,62,15,72.57142857142857,7.1,1,1
717,221879,40,3,122.5,12.3,0,1
718,221988,56,3,96.5,10.4,0,2
719,222019,65,6,95.4,8.4,0,3
720,222181,60,14,79.53846153846153,7.624999999999999,1,4
721,222189,57,23,49.0,8.4875,0,8
722,222263,45,9,134.75,12.1,0,1
723,222327,64,19,52.33333333333334,7.55,1,4
724,222437,75,17,67.0,7.65,1,2
725,222591,52,12,72.63636363636364,10.585714285714284,0,6
726,222603,50,3,250.0,7.7,1,1
727,222637,63,4,5.333333333333333,9.6,0,1
728,222678,49,18,62.05882352941178,9.56,0,5
729,222724,67,8,45.42857142857143,7.1,1,1
730,222821,47,13,81.41666666666667,7.6,1,1
731,222863,67,15,51.28571428571429,9.342857142857143,0,7
732,222868,48,17,28.25,9.133333333333333,0,3
733,222917,64,6,137.6,8.2,0,1
734,222928,56,8,130.14285714285714,7.1,1,2
735,222967,63,13,79.66666666666667,7.8,1,3
736,223023,60,7,110.5,12.66,0,4
737,223051,65,7,111.66666666666669,7.666666666666668,1,3
738,223090,64,7,74.83333333333333,7.333333333333332,1,3
739,223169,65,16,72.53333333333333,8.15,0,2
740,223174,67,8,142.57142857142858,7.459999999999999,1,5
741,223429,35,2,7.0,7.3,1,1
742,223524,43,2,156.0,10.05,0,2
743,223543,57,15,70.42857142857143,7.739999999999998,1,5
744,223656,71,20,54.42105263157895,8.191666666666666,0,12
745,223690,62,6,83.4,7.0,1,1
746,223694,46,7,108.33333333333331,10.466666666666667,0,3
747,223802,61,26,39.92,8.84,0,5
748,223885,68,3,14.5,10.4,0,1
749,224022,58,11,99.5,8.166666666666666,0,3
750,224311,42,7,33.166666666666664,8.2,0,2
751,224361,63,18,57.529411764705884,7.719999999999999,1,5
752,224402,59,16,67.93333333333334,7.366666666666667,1,3
753,224407,46,13,84.08333333333333,10.55,0,6
754,224435,78,9,44.125,7.95,1,2
755,224728,36,7,148.16666666666666,7.966666666666666,1,3
756,224865,60,25,42.875,7.9,1,7
757,224947,70,6,209.0,7.35,1,2
758,224960,49,16,66.26666666666667,10.82,0,5
759,225089,50,29,38.107142857142854,7.466666666666666,1,3
760,225095,39,41,27.075,8.3,0,4
761,225134,48,16,60.46666666666667,10.585714285714287,0,7
762,225190,57,6,155.8,7.3,1,2
763,225209,57,13,66.58333333333333,8.95,0,4
764,225276,52,4,230.66666666666663,8.8,0,2
765,225281,58,14,80.53846153846153,9.883333333333333,0,6
766,225309,52,11,99.9,8.45,0,2
767,225310,49,23,40.40909090909091,9.033333333333333,0,3
768,225322,51,8,131.0,7.833333333333332,1,3
769,225344,25,20,48.31578947368421,9.042857142857144,0,7
770,225354,60,10,117.22222222222223,8.625,0,4
771,225490,79,14,74.23076923076924,8.133333333333335,0,6
772,225530,81,39,28.36842105263158,7.659999999999998,1,5
773,225542,52,11,87.6,7.275,1,4
774,225577,58,29,36.42857142857143,7.833333333333332,1,3
775,225578,31,7,112.0,11.25,0,2
776,225591,54,13,85.5,10.75,0,8
777,225610,50,3,151.5,7.1,1,1
778,225666,28,10,87.77777777777777,11.725,0,4
779,225729,69,3,94.5,7.7,1,1
780,225783,74,21,53.55,7.360000000000001,1,5
781,225792,41,2,52.0,8.6,0,1
782,225813,53,6,179.4,7.6,1,1
783,225841,57,20,49.368421052631575,7.799999999999999,1,7
784,225857,54,9,28.875,11.4,0,2
785,225864,52,1,,12.9,0,1
786,225894,54,33,28.9375,8.85,0,4
787,225895,58,11,28.7,7.65,1,2
788,225930,31,14,69.92307692307692,13.533333333333333,0,3
789,226010,58,13,88.5,11.7375,0,8
790,226049,68,4,75.66666666666667,9.0,0,1
791,226178,57,13,81.08333333333333,9.633333333333333,0,3
792,226274,60,2,162.0,10.9,0,2
793,226351,43,10,112.22222222222223,7.7,1,1
794,226361,49,4,178.33333333333337,9.85,0,2
795,226363,39,15,55.64285714285714,10.44,0,5
796,226534,77,8,66.0,9.25,0,2
797,226550,66,6,39.0,9.0,0,1
798,226735,65,10,110.66666666666669,7.425,1,4
799,226945,44,12,59.27272727272727,7.2,1,1
800,226995,62,13,81.33333333333333,7.466666666666666,1,3
801,227042,67,12,91.0909090909091,9.239999999999998,0,5
802,227063,56,11,95.3,9.733333333333333,0,3
803,227089,52,14,82.38461538461539,7.999999999999999,1,4
804,227128,50,8,17.0,11.0,0,2
805,227212,41,6,46.0,9.9,0,2
806,227229,41,2,431.0,8.1,0,1
807,227265,66,4,46.33333333333334,7.7,1,1
808,227327,58,17,64.75,8.26,0,5
809,227364,79,26,41.2,7.199999999999998,1,4
810,227463,44,1,,7.0,1,1
811,227524,66,5,213.75,7.466666666666666,1,3
812,227536,65,4,163.33333333333334,10.933333333333332,0,3
813,227626,35,4,174.66666666666663,10.5,0,1
814,227629,56,6,93.2,9.0,0,1
815,227781,49,17,56.625,8.3,0,2
816,227855,72,12,59.90909090909091,7.1,1,2
817,227933,43,4,149.0,8.225,0,4
818,227944,47,4,62.0,7.6,1,2
819,228090,58,11,77.3,9.5,0,1
820,228103,77,3,9.0,8.2,0,2
821,228154,61,2,7.0,8.2,0,1
822,228209,64,8,137.85714285714286,10.333333333333334,0,3
823,228284,36,3,318.0,10.7,0,1
824,228365,37,2,6.0,9.4,0,2
825,228578,61,4,335.0,7.8,1,4
826,228615,59,8,109.42857142857143,11.5,0,5
827,228631,62,8,115.42857142857143,9.375,0,4
828,228714,69,5,257.0,7.35,1,4
829,228782,57,7,126.0,9.325,0,4
830,228893,65,9,106.75,7.825000000000001,1,4
831,228983,67,7,44.83333333333334,15.0,0,1
832,229019,50,15,70.21428571428571,7.7,1,2
833,229146,50,21,50.05,8.175,0,8
834,229250,60,21,34.6,10.316666666666665,0,5
835,229405,32,11,102.9,7.599999999999999,1,3
836,229429,40,33,32.84375,8.7,0,2
837,229458,49,19,54.38888888888889,9.342857142857145,0,7
838,229572,68,11,43.3,9.2,0,3
839,229588,87,14,73.30769230769229,7.0,1,1
840,229602,70,6,129.4,7.825,1,4
841,229695,53,24,30.0,9.866666666666667,0,3
842,229822,52,2,119.0,10.4,0,1
843,229875,41,6,190.6,7.425000000000002,1,4
844,229919,50,6,144.0,10.14,0,4
845,229979,4,1,,12.4,0,1
846,230132,46,6,122.8,8.4,0,2
847,230273,59,14,62.46153846153846,10.833333333333336,0,3
848,230420,50,3,3.0,13.0,0,1
849,230484,56,6,193.8,7.2,1,1
850,230569,3,2,6.0,7.7,1,1
851,230577,62,10,107.77777777777777,8.2,0,3
852,230599,30,5,140.25,7.8,1,1
853,230695,39,4,24.0,7.5,1,1
854,230772,55,12,78.27272727272727,9.1,0,4
855,230782,61,11,22.2,7.2,1,2
856,230809,55,17,56.0,8.4,0,1
857,230874,64,21,53.05,9.06,0,5
858,230885,70,26,40.08,7.7,1,1
859,230965,43,5,29.75,9.35,0,2
860,231102,65,16,35.2,11.016666666666666,0,5
861,231103,51,29,36.464285714285715,8.614285714285714,0,7
862,231120,68,1,,10.4,0,1
863,231283,70,20,51.47368421052632,11.116666666666665,0,6
864,231302,60,8,128.71428571428572,7.6,1,2
865,231326,66,24,44.60869565217392,11.466666666666667,0,6
866,231354,65,14,82.0,7.399999999999999,1,3
867,231392,64,14,64.84615384615384,7.7,1,2
868,231513,40,5,149.0,10.466666666666667,0,3
869,231542,65,7,93.0,8.4,0,2
870,231568,41,6,142.8,8.95,0,2
871,231578,46,4,180.66666666666663,7.2,1,1
872,231730,49,29,37.25,7.55,1,2
873,231913,68,19,51.33333333333334,9.975,0,4
874,231976,55,7,36.0,7.55,1,2
875,232048,64,16,48.2,11.775,0,4
876,232069,76,6,128.2,8.45,0,2
877,232077,48,6,28.0,7.05,1,2
878,232178,52,2,15.0,12.65,0,1
879,232187,61,2,91.0,7.7,1,1
880,232195,47,3,48.5,7.1,1,1
881,232398,53,5,24.5,11.8,0,1
882,232432,61,6,209.0,8.2,0,1
883,232442,48,9,124.875,11.9,0,1
884,232461,74,8,44.85714285714285,7.0,1,1
885,232486,79,17,59.5,7.0,1,1
886,232513,45,9,91.0,7.05,1,2
887,232568,52,4,35.0,9.65,0,2
888,232603,78,7,90.83333333333331,7.466666666666666,1,3
889,232662,58,14,76.46153846153847,7.75,1,4
890,232695,42,4,122.0,10.7,0,1
891,232731,63,8,116.0,7.0,1,1
892,232752,65,13,76.41666666666667,7.2,1,1
893,232769,61,18,61.470588235294116,9.866666666666667,0,9
894,232851,53,10,88.11111111111109,8.299999999999999,0,3
895,233011,43,1,,12.0,0,1
896,233015,47,23,33.63636363636363,8.766666666666667,0,6
897,233037,47,3,34.0,8.2,0,1
898,233081,69,39,28.02631578947368,8.05,0,4
899,233145,77,10,91.77777777777777,9.666666666666666,0,3
900,233208,54,1,,7.1,1,1
901,233237,76,5,61.0,7.5,1,1
902,233251,74,20,52.42105263157895,7.875,1,4
903,233255,54,11,85.8,8.65,0,6
904,233286,43,5,76.0,7.199999999999998,1,2
905,233291,46,10,110.11111111111113,7.6,1,4
906,233302,62,10,90.55555555555556,8.2,0,1
907,233317,42,4,254.66666666666663,13.1,0,1
908,233319,66,10,101.11111111111113,11.2,0,3
909,233327,85,5,28.75,8.766666666666666,0,3
910,233330,71,11,97.2,8.700000000000001,0,3
911,233385,41,7,18.83333333333333,7.0,1,1
912,233388,72,11,97.9,10.2,0,1
913,233663,51,11,63.6,9.533333333333333,0,3
914,233695,37,4,273.6666666666667,9.2,0,2
915,233714,51,19,59.66666666666666,12.685714285714285,0,7
916,233853,33,1,,9.4,0,1
917,233922,71,7,117.66666666666669,9.2,0,2
918,233962,70,19,58.611111111111114,8.149999999999999,0,2
919,233973,31,9,119.75,10.233333333333333,0,3
920,234045,50,8,108.28571428571428,9.8,0,2
921,234090,54,8,82.85714285714286,7.0,1,1
922,234092,31,2,28.0,7.9,1,1
923,234136,65,3,76.0,7.5,1,1
924,234252,38,6,30.6,7.85,1,2
925,234253,87,4,6.333333333333332,11.7,0,1
926,234272,57,2,120.0,7.1,1,1
927,234285,80,10,52.22222222222222,9.0,0,2
928,234360,48,15,64.92857142857143,7.6,1,2
929,234473,33,18,54.88235294117647,8.9,0,1
930,234488,75,14,74.84615384615384,8.066666666666665,0,3
931,234494,69,5,41.25,7.6,1,1
932,234529,63,10,96.11111111111113,8.8,0,2
933,234778,59,21,50.5,10.663636363636364,0,10
934,234881,68,10,109.11111111111113,7.8,1,1
935,234928,33,21,48.2,7.825,1,4
936,234929,60,7,54.33333333333334,7.4,1,1
937,234939,66,10,27.0,9.5,0,1
938,234974,60,8,78.42857142857143,9.7,0,1
939,234976,52,1,,12.0,0,1
940,234983,60,23,44.22727272727273,8.912500000000003,0,8
941,235009,63,7,47.0,8.0,1,2
942,235057,42,7,68.83333333333333,10.7,0,2
943,235144,80,9,46.375,9.55,0,2
944,235150,56,5,104.0,7.4,1,1
945,235291,68,31,30.53333333333333,8.166666666666666,0,6
946,235444,62,3,19.5,7.6,1,2
947,235471,64,7,16.833333333333332,7.2,1,1
948,235526,52,5,98.5,8.15,0,2
949,235588,50,12,36.27272727272727,9.5,0,1
950,235637,23,3,132.5,7.25,1,2
951,235661,54,8,110.42857142857143,7.7,1,3
952,235753,27,8,122.28571428571428,8.3,0,2
953,235774,50,12,74.45454545454545,7.0,1,1
954,235825,71,18,54.05882352941178,8.471428571428572,0,7
955,235834,47,13,72.33333333333333,7.633333333333333,1,3
956,235846,57,10,87.11111111111109,7.15,1,2
957,235862,63,5,64.75,7.466666666666666,1,3
958,235863,56,5,31.5,9.6,0,2
959,235892,41,2,7.0,11.0,0,1
960,235904,57,17,53.0,9.962500000000002,0,7
961,235908,47,6,26.8,10.6,0,2
962,235914,76,13,67.91666666666667,9.06,0,5
963,235947,73,2,17.0,7.2,1,1
964,236047,54,13,21.58333333333333,12.175,0,4
965,236084,60,2,8.0,8.3,0,1
966,236169,74,20,46.78947368421053,8.883333333333333,0,6
967,236196,78,6,12.2,9.6,0,1
968,236200,63,34,9.757575757575758,7.5,1,2
969,236210,62,7,141.33333333333334,7.15,1,2
970,236223,68,4,226.66666666666663,8.1,0,1
971,236288,32,5,117.25,7.55,1,2
972,236315,46,6,141.4,7.7,1,3
973,236400,53,5,33.0,12.0,0,1
974,236429,55,5,12.75,7.55,1,2
975,236454,56,27,33.230769230769226,9.911111111111113,0,9
976,236494,63,18,46.647058823529406,7.2,1,1
977,236529,69,5,43.5,12.6,0,2
978,236608,59,16,56.26666666666666,7.533333333333334,1,6
979,236647,58,20,43.21052631578947,8.6,0,4
980,236680,55,9,79.375,8.066666666666665,0,3
981,236703,82,4,4.666666666666667,13.0,0,1
982,236758,63,16,48.53333333333333,7.15,1,2
983,236842,46,10,59.66666666666666,12.250000000000002,0,4
984,236864,68,5,41.0,8.8,0,2
985,236903,33,8,69.0,7.6,1,2
986,236947,39,9,92.625,7.6,1,4
987,236998,76,16,19.0,10.85,0,2
988,237000,68,2,14.0,11.0,0,1
989,237100,36,4,39.333333333333336,19.7,0,1
990,237158,64,5,13.25,11.4,0,1
991,237191,52,15,43.14285714285715,8.1,0,1
992,237307,50,1,,10.0,0,1
993,237330,35,10,70.44444444444444,9.8,0,4
994,237354,69,20,37.578947368421055,8.216666666666667,0,6
995,237383,69,4,42.66666666666666,10.05,0,2
996,237406,56,2,51.0,9.6,0,1
997,237435,60,11,62.4,8.1,0,2
998,237466,45,2,752.0,7.6,1,1
999,237472,62,8,35.285714285714285,7.4,1,1
1000,237595,51,5,54.25,9.8,0,1
1001,237605,82,6,42.6,8.6,0,1
1002,237619,69,7,19.33333333333333,7.699999999999998,1,2
1003,237620,64,1,,7.9,1,1
1004,237642,59,10,80.55555555555556,7.6,1,1
1005,237725,76,5,89.25,9.2,0,2
1006,237876,39,6,9.8,10.6,0,2
1007,237935,48,10,70.22222222222223,11.225,0,4
1008,237970,59,12,46.0,8.95,0,2
1009,238389,28,2,13.0,10.5,0,1
1010,238437,48,9,12.875,9.75,0,2
1011,238499,26,15,38.857142857142854,7.7,1,1
1012,238500,74,6,95.4,8.059999999999999,0,5
1013,238569,70,8,64.0,9.55,0,2
1014,238596,72,10,51.88888888888889,8.35,0,2
1015,238606,65,10,65.44444444444444,10.083333333333334,0,6
1016,238628,41,4,178.66666666666663,11.2,0,3
1017,238663,60,23,25.818181818181817,8.071428571428571,0,7
1018,238705,57,15,36.642857142857146,10.566666666666666,0,5
1019,238792,35,6,69.4,7.3,1,1
1020,238795,65,9,59.875,7.699999999999998,1,2
1021,238839,56,2,21.0,13.0,0,1
1022,238890,69,4,17.333333333333332,12.3,0,1
1023,238929,49,14,36.53846153846154,10.35,0,2
1024,239102,39,4,176.0,9.7,0,1
1025,239298,37,13,46.08333333333334,8.855555555555558,0,9
1026,239321,60,1,,8.25,0,2
1027,239393,72,9,65.5,7.533333333333334,1,3
1028,239399,68,2,11.0,7.5,1,1
1029,239411,59,11,31.7,7.375,1,4
1030,239433,56,11,44.9,14.9,0,1
1031,239505,68,16,26.13333333333333,8.1,0,1
1032,239561,62,9,51.125,7.0,1,1
1033,239690,80,5,65.75,7.1,1,2
1034,239815,83,10,49.111111111111114,8.399999999999999,0,2
1035,239859,38,7,77.16666666666667,8.475,0,4
1036,240055,53,6,72.8,8.4,0,1
1037,240081,32,8,55.85714285714285,9.4,0,1
1038,240082,47,7,56.0,8.95,0,2
1039,240087,73,5,60.5,8.25,0,2
1040,240104,64,12,34.09090909090909,10.35,0,2
1041,240147,65,22,16.476190476190474,12.866666666666667,0,3
1042,240165,46,21,21.35,8.7,0,2
1043,240397,36,4,31.33333333333333,7.4,1,1
1044,240425,41,7,19.33333333333333,9.5,0,2
1045,240454,51,13,35.416666666666664,10.775,0,4
1046,240552,57,2,361.0,10.55,0,2
1047,240651,21,3,124.0,7.25,1,2
1048,240700,84,3,6.0,7.4,1,1
1049,240778,76,3,111.5,7.6,1,2
1050,240820,48,2,28.0,9.9,0,1
1051,240876,47,3,182.0,8.566666666666666,0,3
1052,240929,61,7,44.5,7.2,1,1
1053,240941,52,7,5.166666666666667,7.3,1,1
1054,240947,49,4,62.0,7.949999999999998,1,2
1055,240955,62,9,35.5,7.6,1,1
1056,240959,47,5,43.5,10.475,0,3
1057,240980,75,1,,13.4,0,1
1058,240981,83,1,,9.2,0,1
1059,241029,36,3,17.0,7.4,1,1
1060,241167,50,1,,8.6,0,1
1061,241176,48,6,55.4,7.0,1,1
1062,241249,54,4,8.0,10.8,0,1
1063,241316,51,2,7.0,7.4,1,1
1064,241378,74,1,,12.5,0,1
1065,241437,38,5,35.25,7.1,1,1
1066,241457,48,13,22.08333333333333,12.0,0,3
1067,241464,51,2,21.0,7.35,1,2
1068,241476,33,2,16.0,7.3,1,1
1069,241509,86,4,53.66666666666666,8.85,0,2
1070,241517,55,2,7.0,14.4,0,1
1071,241609,50,5,14.25,9.2,0,1
1072,241614,48,4,30.33333333333333,9.3,0,2
1073,241733,71,5,45.75,7.6,1,1
1074,241823,55,7,36.5,9.066666666666666,0,3
1075,241838,37,4,42.0,9.0,0,1
1076,241840,78,6,28.8,7.55,1,2
1077,241884,78,2,78.0,7.8,1,1
1078,241907,41,4,30.66666666666667,10.5,0,1
1079,241967,61,2,28.0,7.0,1,1
1080,242016,56,7,24.83333333333333,10.739999999999998,0,5
1081,242645,51,5,15.75,10.1,0,1
1082,242713,32,6,24.0,9.9,0,3
1083,242762,32,2,28.0,7.9,1,2
1084,242827,37,3,22.5,9.7,0,1
1085,242834,44,6,31.0,10.1,0,1
1086,242856,49,3,20.5,7.2,1,1
1087,242919,48,1,,10.6,0,1
1088,243037,33,4,51.0,9.85,0,2
1089,243054,38,4,23.33333333333333,14.5,0,1
1090,243070,49,1,,9.4,0,1
1091,243080,53,2,18.0,9.4,0,1
1092,243193,67,5,20.75,8.5,0,1
1093,243204,65,4,7.666666666666668,12.5,0,1
1094,243240,41,3,19.0,7.1,1,1
1095,243410,59,1,,7.3,1,1
1096,243548,53,4,21.33333333333333,10.6,0,1
1097,243642,54,2,15.0,7.5,1,1
1098,243644,58,5,12.75,12.8,0,2
